18503001102
18503011102
18503021102
18503031102
18503041102
18503051102
18503061102
18503071102
18503081102
18503091102
18507551102
18512601102
18520801102
18520811102
18520821102
18520831102
18520841102
18520851102
18520861102
18520871102
18520881102
18520891102
18529071102
18529081102
18529091102
18529511102
18529531102
18529541102
18565601102
18565611102
18565621102
18565631102
18565641102
18565651102
18565661102
18565671102
18565681102
18565691102
18565701102
18565711102
18565721102
18565731102
18565741102
18565751102
18565761102
18565771102
18565781102
18565791102
18565801102
18565811102
18565821102
18565831102
18565841102
18565851102
18565861102
18565871102
18565881102
18565891102
18566201102
18566211102
18566221102
18566231102
18566241102
18566251102
18566261102
18566271102
18566281102
18566291102
18566601102
18566611102
18566621102
18566631102
18566641102
18566651102
18566661102
18566671102
18566681102
18566691102
18566701102
18566711102
18566721102
18566731102
18566741102
18566751102
18566761102
18566771102
18566781102
18566791102
18575501102
18575511102
18575521102
18575531102
18575541102
18575551102
18575561102
18575571102
18575581102
18575591102
18575671102
18575681102
18575691102
18576401102
18576411102
18576421102
18576431102
18576441102
18576451102
18576461102
18576471102
18576481102
18576491102
18576601102
18576611102
18576621102
18576631102
18576641102
18576651102
18576661102
18576671102
18576681102
18576691102
18576701102
18576711102
18576721102
18576731102
18576741102
18576751102
18576761102
18576771102
18576781102
18576791102
18578481102
18578491102
18588201102
18588211102
18588221102
18588231102
18588241102
18588251102
18588261102
18588271102
18588281102
18588291102
18588301102
18588311102
18588321102
18588331102
18588341102
18588351102
18588361102
18588371102
18588381102
18588391102
18588401102
18588411102
18588421102
18588431102
18588441102
18588451102
18588461102
18588471102
18588481102
18588491102
18588981102
18589001102
18589011102
18589021102
18589031102
18589041102
18589051102
18589061102
18589071102
18589081102
18589091102
18594101102
18594111102
18594121102
18594131102
18594151102
18594171102
18594181102
18594191102
18594201102
18594211102
18594221102
18594231102
18594241102
18594251102
18594261102
18594271102
18594391102
18598001102
18598011102
18598021102
18598031102
18598041102
18598051102
18598061102
18598071102
18598081102
18598091102
18598241102
18598251102
18598261102
18598271102
